NaN	1.1139358	1.1165262	1.0489728	1.126727	0.59299886	1.1999861	459.40927	0.5148729	445.32233	0.45601624	1.1865296	1.5288775	1.2098615	0.23368675	0.88653016	0.85291594	0.71681195	0.46659535	1.7790408	0.43811944	391.95865	1.5030676	526.948	614.72766	1.027417	0.67117697	0.93996626	0.46031162	0.42017594	0.87367105	0.74003035	0.7663971	0.26912594	0.43318966	0.9015073	0.9869337	0.34860572	0.40090954	1.0486332
1.1139358	NaN	0.4516357	0.7828859	0.6614533	0.82166266	0.7909765	459.48666	0.8654091	445.41687	1.3416038	0.7441476	1.5918125	1.40241	0.962179	0.68054557	1.72693	0.49661976	0.7675458	2.190177	0.6808908	392.07422	1.420374	525.9608	615.50055	0.72927964	1.271974	1.8516079	1.3766302	0.8118804	1.8444779	0.724187	0.70315814	1.1457908	0.9423789	1.0251973	1.9011148	1.3687557	0.9998203	0.55230534
1.1165262	0.4516357	NaN	1.1536782	0.9690186	0.6571799	1.1771328	459.04153	0.93244153	444.9708	1.1979802	1.1673142	1.1558503	1.0024368	1.0080364	0.44907168	1.50957	0.4938431	0.75527114	1.7914976	0.75729555	391.6278	0.98251355	525.8426	615.69995	1.1088729	1.0230358	1.647242	1.2280543	0.76402944	1.6618732	0.48082414	0.4484288	1.1268481	0.8006054	0.70234287	1.6848599	1.2783238	0.8677205	0.3239691
1.0489728	0.7828859	1.1536782	NaN	0.39401847	1.0773177	0.17925403	460.13724	0.73847854	446.06088	1.3971478	0.41078103	2.153226	1.8700407	0.8554327	1.0942414	1.8388189	0.80570096	0.8485601	2.596139	0.7757987	392.71268	1.9805051	526.5856	614.99915	0.08273893	1.5108368	1.913882	1.4454023	0.9229038	1.8917583	1.127438	1.1294351	1.0473047	1.1279321	1.413279	2.019713	1.3443092	1.1444355	1.0736353
1.126727	0.6614533	0.9690186	0.39401847	NaN	0.9470692	0.3226989	459.9017	0.6808005	445.82727	1.3676792	0.6967319	1.9732894	1.6961792	0.90121496	0.8709658	1.7996569	0.66435343	0.7749451	2.4329605	0.82036364	392.4852	1.7453343	526.35614	615.36615	0.422762	1.420941	1.8756137	1.4322325	0.859803	1.8906966	0.9728499	0.9705709	1.054321	1.0585951	1.2214334	2.0169015	1.364268	1.0824375	0.8168931
0.59299886	0.82166266	0.6571799	1.0773177	0.9470692	NaN	1.1606973	459.10217	0.4596883	445.0212	0.57119745	1.2441831	1.1304474	0.808546	0.4969446	0.31352863	0.9377988	0.3454536	0.2589753	1.5196867	0.4755299	391.66864	0.99720365	526.44995	615.3201	1.0571508	0.4892652	1.051156	0.6242893	0.2189158	1.0768967	0.19391516	0.22569168	0.51610595	0.19496343	0.37033388	1.1543168	0.66212434	0.24405108	0.5108929
1.1999861	0.7909765	1.1771328	0.17925403	0.3226989	1.1606973	NaN	460.17676	0.84000266	446.10233	1.5213697	0.47446352	2.214787	1.9391674	0.9947723	1.1329612	1.9629999	0.87046856	0.94960093	2.6764143	0.9062701	392.75787	2.0169258	526.47675	615.13245	0.2251723	1.6156765	2.0374584	1.5753391	1.0291867	2.0271087	1.196032	1.1949403	1.1768432	1.2353674	1.4740447	2.1559925	1.4822242	1.2553434	1.0851799
459.40927	459.48666	459.04153	460.13724	459.9017	459.10217	460.17676	NaN	459.5367	15.771053	459.03598	460.17575	457.9927	458.29456	459.4995	459.0543	458.68994	459.3327	459.3574	457.6664	459.46426	69.0708	458.1646	545.5078	930.7283	460.10367	458.7734	458.70627	459.00677	459.29523	458.777	459.0174	459.0122	459.38452	459.10934	458.75244	458.60733	459.17914	459.121	459.09467
0.5148729	0.8654091	0.93244153	0.73847854	0.6808005	0.4596883	0.84000266	459.5367	NaN	445.45383	0.69830525	1.0075011	1.5868926	1.252388	0.28798854	0.6245879	1.1354661	0.44162583	0.22979805	1.9102613	0.435908	392.10022	1.4355377	526.72345	615.0851	0.7425443	0.82284397	1.204582	0.7660094	0.29473564	1.213522	0.60822684	0.6293635	0.37807158	0.47866544	0.80141586	1.3515968	0.6893827	0.4712102	0.75055957
445.32233	445.41687	444.9708	446.06088	445.82727	445.0212	446.10233	15.771053	445.45383	NaN	444.9464	446.1029	443.91446	444.21338	445.4146	444.97766	444.59622	445.25577	445.27585	443.57782	445.3841	54.10925	444.08844	545.38995	916.2588	446.0278	444.68716	444.61023	444.91678	445.2131	444.68073	444.93915	444.93448	445.29684	445.02603	444.67224	444.51157	445.08847	445.03665	445.02127
0.45601624	1.3416038	1.1979802	1.3971478	1.3676792	0.57119745	1.5213697	459.03598	0.69830525	444.9464	NaN	1.5813435	1.2633084	0.9177985	0.55418813	0.87083846	0.44212717	0.8686267	0.617563	1.3775063	0.7588363	391.5828	1.2514018	526.9395	614.92255	1.3857304	0.33649823	0.5307479	0.09627835	0.547124	0.52894896	0.7287547	0.76095337	0.37585536	0.40700042	0.7038771	0.6572277	0.18128432	0.34520438	1.0783051
1.1865296	0.7441476	1.1673142	0.41078103	0.6967319	1.2441831	0.47446352	460.17575	1.0075011	446.1029	1.5813435	NaN	2.221975	1.9828206	1.0434235	1.2514365	2.0083714	0.9441103	1.0421239	2.731865	0.85480845	392.7539	2.0890298	526.42303	614.91956	0.3421581	1.6626793	2.1059306	1.6094756	1.0991168	2.056948	1.250462	1.2458081	1.2676071	1.281777	1.571509	2.152332	1.5214481	1.3112108	1.2006147
1.5288775	1.5918125	1.1558503	2.153226	1.9732894	1.1304474	2.214787	457.9927	1.5868926	443.91446	1.2633084	2.221975	NaN	0.36879393	1.5619087	1.1063585	1.2035699	1.3492806	1.3839158	0.750041	1.4842368	390.56317	0.38098845	525.87787	615.88104	2.1186976	0.9285525	1.3343376	1.2556432	1.3255817	1.3949202	1.0304824	1.0258479	1.5126185	1.1597995	0.81108993	1.2999197	1.4218892	1.1908548	1.1898327
1.2098615	1.40241	1.0024368	1.8700407	1.6961792	0.808546	1.9391674	458.29456	1.252388	444.21338	0.9177985	1.9828206	0.36879393	NaN	1.2335718	0.8336524	0.90632874	1.0742328	1.0629934	0.790485	1.2025125	390.86044	0.3954241	526.15283	615.6839	1.8429024	0.5835579	1.0356603	0.9228144	1.0029033	1.1084716	0.7473575	0.7513698	1.163937	0.8301882	0.48520175	1.0579034	1.0848665	0.8532068	0.96553755
0.23368675	0.962179	1.0080364	0.8554327	0.90121496	0.4969446	0.9947723	459.4995	0.28798854	445.4146	0.55418813	1.0434235	1.5619087	1.2335718	NaN	0.753422	0.99076146	0.5525968	0.2916742	1.8575943	0.3336574	392.0554	1.47941	526.8482	614.8691	0.84157544	0.7330594	1.0709171	0.5939709	0.28464916	1.0386376	0.6520766	0.676826	0.23144725	0.40438664	0.8491468	1.1654475	0.49278337	0.3838236	0.90023243
0.88653016	0.68054557	0.44907168	1.0942414	0.8709658	0.31352863	1.1329612	459.0543	0.6245879	444.97766	0.87083846	1.2514365	1.1063585	0.8336524	0.753422	NaN	1.201119	0.32387507	0.46557963	1.5937968	0.64831614	391.63165	0.89021647	526.1693	615.6046	1.0744308	0.7267343	1.3140875	0.9263676	0.47554314	1.3600575	0.21264358	0.20248024	0.8030704	0.5055413	0.38039908	1.4240018	0.973201	0.55711454	0.21363828
0.85291594	1.72693	1.50957	1.8388189	1.7996569	0.9377988	1.9629999	458.68994	1.1354661	444.59622	0.44212717	2.0083714	1.2035699	0.90632874	0.99076146	1.201119	NaN	1.265877	1.0436893	1.0909888	1.1701338	391.22745	1.283844	527.05347	614.8853	1.8259643	0.49077082	0.16861701	0.40053383	0.9684434	0.21016067	1.0546455	1.0834152	0.80816555	0.7921753	0.91865885	0.28334394	0.52929074	0.7451887	1.4104747
0.71681195	0.49661976	0.4938431	0.80570096	0.66435343	0.3454536	0.87046856	459.3327	0.44162583	445.25577	0.8686267	0.9441103	1.3492806	1.0742328	0.5525968	0.32387507	1.265877	NaN	0.29318982	1.8292431	0.37590447	391.90714	1.1834912	526.3072	615.35974	0.77665067	0.82518846	1.3781	0.9169011	0.33686393	1.3869236	0.3272738	0.3255101	0.68714386	0.47670767	0.6319547	1.4666626	0.91230637	0.5273901	0.37810892
0.46659535	0.7675458	0.75527114	0.8485601	0.7749451	0.2589753	0.94960093	459.3574	0.22979805	445.27585	0.617563	1.0421239	1.3839158	1.0629934	0.2916742	0.46557963	1.0436893	0.29318982	NaN	1.7534692	0.3101584	391.92218	1.2528781	526.58496	615.1571	0.83231723	0.6662393	1.1402968	0.67342436	0.08643314	1.1439241	0.39763933	0.41984808	0.39455098	0.29042393	0.62588423	1.2502755	0.6411941	0.30984202	0.6123337
1.7790408	2.190177	1.7914976	2.596139	2.4329605	1.5196867	2.6764143	457.6664	1.9102613	443.57782	1.3775063	2.731865	0.750041	0.790485	1.8575943	1.5937968	1.0909888	1.8292431	1.7534692	NaN	1.9049716	390.21762	0.95006096	526.3416	615.7119	2.5752375	1.1252813	1.1464854	1.3614528	1.6850126	1.2477373	1.5078385	1.5180631	1.7211958	1.4895319	1.2184694	1.1308634	1.5342317	1.4857079	1.7393583
0.43811944	0.6808908	0.75729555	0.7757987	0.82036364	0.4755299	0.9062701	459.46426	0.435908	445.3841	0.7588363	0.85480845	1.4842368	1.2025125	0.3336574	0.64831614	1.1701338	0.37590447	0.3101584	1.9049716	NaN	392.0281	1.4041169	526.5703	614.9941	0.73349464	0.81497	1.2832689	0.78051424	0.31284726	1.2425002	0.53445846	0.5456644	0.5383432	0.44693893	0.8253481	1.3230741	0.73319846	0.47795138	0.73986274
391.95865	392.07422	391.6278	392.71268	392.4852	391.66864	392.75787	69.0708	392.10022	54.10925	391.5828	392.7539	390.56317	390.86044	392.0554	391.63165	391.22745	391.90714	391.92218	390.21762	392.0281	NaN	390.74356	530.10736	868.4545	392.67923	391.32733	391.24008	391.5516	391.8582	391.30786	391.589	391.58484	391.936	391.6692	391.32208	391.1375	391.72247	391.6789	391.67914
1.5030676	1.420374	0.98251355	1.9805051	1.7453343	0.99720365	2.0169258	458.1646	1.4355377	444.08844	1.2514018	2.0890298	0.38098845	0.3954241	1.47941	0.89021647	1.283844	1.1834912	1.2528781	0.95006096	1.4041169	390.74356	NaN	525.7977	616.06775	1.9548192	0.92696655	1.4014211	1.2722259	1.2133263	1.4902979	0.8857807	0.87739956	1.4369096	1.084606	0.6416612	1.4496472	1.41988	1.1198922	0.94840693
526.948	525.9608	525.8426	526.5856	526.35614	526.44995	526.47675	545.5078	526.72345	545.38995	526.9395	526.42303	525.87787	526.15283	526.8482	526.1693	527.05347	526.3072	526.58496	526.3416	526.5703	530.10736	525.7977	NaN	1090.5215	526.5495	526.6427	527.1885	526.9573	526.5993	527.2459	526.26324	526.2315	526.9573	526.6012	526.2631	527.15796	527.06494	526.6656	525.9923
614.72766	615.50055	615.69995	614.99915	615.36615	615.3201	615.13245	930.7283	615.0851	916.2588	614.92255	614.91956	615.88104	615.6839	614.8691	615.6046	614.8853	615.35974	615.1571	615.7119	614.9941	868.4545	616.06775	1090.5215	NaN	614.99414	615.19165	614.8314	614.8688	615.1356	614.6799	615.4486	615.47034	614.8693	615.1472	615.5871	614.70233	614.7566	615.1077	615.73206
1.027417	0.72927964	1.1088729	0.08273893	0.422762	1.0571508	0.2251723	460.10367	0.7425443	446.0278	1.3857304	0.3421581	2.1186976	1.8429024	0.84157544	1.0744308	1.8259643	0.77665067	0.83231723	2.5752375	0.73349464	392.67923	1.9548192	526.5495	614.99414	NaN	1.4905514	1.9071156	1.4299444	0.9034776	1.8799185	1.0985525	1.0993533	1.0438544	1.1054827	1.3942083	2.000405	1.3330407	1.1253808	1.0501807
0.67117697	1.271974	1.0230358	1.5108368	1.420941	0.4892652	1.6156765	458.7734	0.82284397	444.68716	0.33649823	1.6626793	0.9285525	0.5835579	0.7330594	0.7267343	0.49077082	0.82518846	0.6662393	1.1252813	0.81497	391.32733	0.92696655	526.6427	615.19165	1.4905514	NaN	0.6291398	0.34538367	0.58855027	0.66483575	0.5733497	0.60022897	0.61926556	0.38590282	0.4518067	0.70227134	0.50162745	0.36910054	0.93025184
0.93996626	1.8516079	1.647242	1.913882	1.8756137	1.051156	2.0374584	458.70627	1.204582	444.61023	0.5307479	2.1059306	1.3343376	1.0356603	1.0709171	1.3140875	0.16861701	1.3781	1.1402968	1.1464854	1.2832689	391.24008	1.4014211	527.1885	614.8314	1.9071156	0.6291398	NaN	0.50457275	1.0709565	0.19238935	1.1817807	1.2117609	0.8687273	0.9098231	1.0369816	0.33402306	0.5965895	0.85628325	1.526401
0.46031162	1.3766302	1.2280543	1.4454023	1.4322325	0.6242893	1.5753391	459.00677	0.7660094	444.91678	0.09627835	1.6094756	1.2556432	0.9228144	0.5939709	0.9263676	0.40053383	0.9169011	0.67342436	1.3614528	0.78051424	391.5516	1.2722259	526.9573	614.8688	1.4299444	0.34538367	0.50457275	NaN	0.5981506	0.47380197	0.76905435	0.8001312	0.4340326	0.4477625	0.74877656	0.5861948	0.17774317	0.3924408	1.1310568
0.42017594	0.8118804	0.76402944	0.9229038	0.859803	0.2189158	1.0291867	459.29523	0.29473564	445.2131	0.547124	1.0991168	1.3255817	1.0029033	0.28464916	0.47554314	0.9684434	0.33686393	0.08643314	1.6850126	0.31284726	391.8582	1.2133263	526.5993	615.1356	0.9034776	0.58855027	1.0709565	0.5981506	NaN	1.0706303	0.3717193	0.39741808	0.36398962	0.20769909	0.585649	1.1702785	0.57749534	0.2290498	0.63840395
0.87367105	1.8444779	1.6618732	1.8917583	1.8906966	1.0768967	2.0271087	458.777	1.213522	444.68073	0.52894896	2.056948	1.3949202	1.1084716	1.0386376	1.3600575	0.21016067	1.3869236	1.1439241	1.2477373	1.2425002	391.30786	1.4902979	527.2459	614.6799	1.8799185	0.66483575	0.19238935	0.47380197	1.0706303	NaN	1.2067264	1.236452	0.85478324	0.9125251	1.1052151	0.22306225	0.54775333	0.8598774	1.56934
0.74003035	0.724187	0.48082414	1.127438	0.9728499	0.19391516	1.196032	459.0174	0.60822684	444.93915	0.7287547	1.250462	1.0304824	0.7473575	0.6520766	0.21264358	1.0546455	0.3272738	0.39763933	1.5078385	0.53445846	391.589	0.8857807	526.26324	615.4486	1.0985525	0.5733497	1.1817807	0.76905435	0.3717193	1.2067264	NaN	0.0332088	0.7016834	0.34576708	0.32983112	1.2561064	0.8271585	0.40845314	0.3813008
0.7663971	0.70315814	0.4484288	1.1294351	0.9705709	0.22569168	1.1949403	459.0122	0.6293635	444.93448	0.76095337	1.2458081	1.0258479	0.7513698	0.676826	0.20248024	1.0834152	0.3255101	0.41984808	1.5180631	0.5456644	391.58484	0.87739956	526.2315	615.47034	1.0993533	0.60022897	1.2117609	0.8001312	0.39741808	1.236452	0.0332088	NaN	0.73221546	0.37707588	0.34095132	1.2827965	0.8588331	0.44047293	0.3579052
0.26912594	1.1457908	1.1268481	1.0473047	1.054321	0.51610595	1.1768432	459.38452	0.37807158	445.29684	0.37585536	1.2676071	1.5126185	1.163937	0.23144725	0.8030704	0.80816555	0.68714386	0.39455098	1.7211958	0.5383432	391.936	1.4369096	526.9573	614.8693	1.0438544	0.61926556	0.8687273	0.4340326	0.36398962	0.85478324	0.7016834	0.73221546	NaN	0.3928056	0.808613	1.0051321	0.32042938	0.3383358	0.98291975
0.43318966	0.9423789	0.8006054	1.1279321	1.0585951	0.19496343	1.2353674	459.10934	0.47866544	445.02603	0.40700042	1.281777	1.1597995	0.8301882	0.40438664	0.5055413	0.7921753	0.47670767	0.29042393	1.4895319	0.44693893	391.6692	1.084606	526.6012	615.1472	1.1054827	0.38590282	0.9098231	0.4477625	0.20769909	0.9125251	0.34576708	0.37707588	0.3928056	NaN	0.4704596	0.99209464	0.4832519	0.0690948	0.6976616
0.9015073	1.0251973	0.70234287	1.413279	1.2214334	0.37033388	1.4740447	458.75244	0.80141586	444.67224	0.7038771	1.571509	0.81108993	0.48520175	0.8491468	0.38039908	0.91865885	0.6319547	0.62588423	1.2184694	0.8253481	391.32208	0.6416612	526.2631	615.5871	1.3942083	0.4518067	1.0369816	0.74877656	0.585649	1.1052151	0.32983112	0.34095132	0.808613	0.4704596	NaN	1.1420611	0.8565396	0.5035508	0.55836827
0.9869337	1.9011148	1.6848599	2.019713	2.0169015	1.1543168	2.1559925	458.60733	1.3515968	444.51157	0.6572277	2.152332	1.2999197	1.0579034	1.1654475	1.4240018	0.28334394	1.4666626	1.2502755	1.1308634	1.3230741	391.1375	1.4496472	527.15796	614.70233	2.000405	0.70227134	0.33402306	0.5861948	1.1702785	0.22306225	1.2561064	1.2827965	1.0051321	0.99209464	1.1420611	NaN	0.6933976	0.95062065	1.6267824
0.34860572	1.3687557	1.2783238	1.3443092	1.364268	0.66212434	1.4822242	459.17914	0.6893827	445.08847	0.18128432	1.5214481	1.4218892	1.0848665	0.49278337	0.973201	0.52929074	0.91230637	0.6411941	1.5342317	0.73319846	391.72247	1.41988	527.06494	614.7566	1.3330407	0.50162745	0.5965895	0.17774317	0.57749534	0.54775333	0.8271585	0.8588331	0.32042938	0.4832519	0.8565396	0.6933976	NaN	0.4210035	1.1715571
0.40090954	0.9998203	0.8677205	1.1444355	1.0824375	0.24405108	1.2553434	459.121	0.4712102	445.03665	0.34520438	1.3112108	1.1908548	0.8532068	0.3838236	0.55711454	0.7451887	0.5273901	0.30984202	1.4857079	0.47795138	391.6789	1.1198922	526.6656	615.1077	1.1253808	0.36910054	0.85628325	0.3924408	0.2290498	0.8598774	0.40845314	0.44047293	0.3383358	0.0690948	0.5035508	0.95062065	0.4210035	NaN	0.75342613
1.0486332	0.55230534	0.3239691	1.0736353	0.8168931	0.5108929	1.0851799	459.09467	0.75055957	445.02127	1.0783051	1.2006147	1.1898327	0.96553755	0.90023243	0.21363828	1.4104747	0.37810892	0.6123337	1.7393583	0.73986274	391.67914	0.94840693	525.9923	615.73206	1.0501807	0.93025184	1.526401	1.1310568	0.63840395	1.56934	0.3813008	0.3579052	0.98291975	0.6976616	0.55836827	1.6267824	1.1715571	0.75342613	NaN
