NaN	63.69686	58.97194	54.91814	98.38836	64.41025	98.61731	109.10754	82.43298	129.50214	107.16866	115.29156	143.37695	109.95185	147.04799	143.01031	129.41928	166.69443	139.5513	157.92625	171.79897	146.94312	181.54619	168.52142	167.70306	192.94977	168.78412	191.20418	193.65617	180.65178	207.05873	192.33562	199.92584	212.66396	198.29698	216.39262	213.61455	212.2533	224.14275	219.88974
63.69686	NaN	90.850235	74.27982	58.87613	121.86764	59.3165	112.34081	124.36742	72.99238	148.32843	108.00323	117.71028	159.8682	99.179115	159.43411	149.7295	122.80189	181.98845	133.79611	162.25487	182.19264	137.00754	192.773	168.84096	164.73631	203.87097	161.19473	196.47403	198.1814	174.18723	215.30817	189.3801	199.72932	217.93896	193.3371	219.7545	213.89357	210.92462	224.14278
58.97194	90.850235	NaN	110.17938	86.406395	64.16504	138.76009	58.278126	123.17096	135.94463	68.26384	161.67113	110.3849	120.98462	171.45958	93.07207	168.40155	155.21724	119.578995	192.29489	131.04457	165.8977	189.34119	131.22858	200.18417	169.70764	163.50305	210.74864	156.97617	199.93211	201.11404	170.75125	219.94814	188.02167	199.79309	220.3907	191.473	220.6643	213.89354	212.25328
54.91814	74.27982	110.17938	NaN	125.63859	96.46593	69.22488	152.45746	58.548233	132.28568	145.54306	65.359085	172.40036	113.067314	124.2761	180.70496	88.86923	175.63264	159.88924	117.67555	200.24849	129.45178	169.00237	194.85568	127.23228	205.7187	170.62614	162.8955	215.63112	154.24205	202.36691	203.11877	168.7097	222.67763	187.3593	199.85547	221.14224	191.473	219.7545	213.61453
98.38836	58.87613	86.406395	125.63859	NaN	138.57446	105.03637	73.82976	164.02588	59.363064	140.13306	153.73788	63.437748	181.38734	115.72097	127.37513	188.37628	85.76245	181.6484	163.89484	116.478004	206.63196	128.47244	171.62708	199.22252	124.32139	209.95343	171.45595	162.58911	219.11983	152.44254	204.0116	204.39005	167.6015	223.963	187.15771	199.8555	220.39072	193.3371	216.39264
64.41025	121.86764	64.16504	96.46593	138.57446	NaN	149.6562	112.4527	77.963104	173.98721	60.4053	146.96036	160.82497	62.119984	189.04672	118.217766	130.20714	194.8389	83.38299	186.70042	167.3163	115.705475	211.80832	127.85736	173.8062	202.66902	122.17924	213.15327	172.13672	162.43929	221.48283	151.3371	204.96776	205.0095	167.24852	223.96298	187.35931	199.7931	217.93896	198.29698
98.61731	59.3165	138.76009	69.22488	105.03637	149.6562	NaN	159.27676	118.92852	81.65324	182.64897	61.520275	152.92548	166.98491	61.198704	195.61778	120.50066	132.74374	200.30194	81.52775	190.93503	170.20686	115.20388	215.98027	127.47057	175.5635	205.32225	120.63472	215.46207	172.63808	162.37134	222.85646	150.8089	205.28192	205.00948	167.60153	222.67764	188.02165	199.72935	212.66396
109.10754	112.34081	58.278126	152.45746	73.82976	112.4527	159.27676	NaN	167.69022	124.60944	84.93551	190.21198	62.62614	158.13765	172.33923	60.548553	201.25398	122.54345	134.97519	204.89851	80.072586	194.44615	172.60382	114.879944	219.27274	127.23034	176.91522	207.25925	119.58807	216.96292	172.94414	162.34593	223.30756	150.80891	204.96779	204.39003	168.7097	219.94815	189.38007	199.92586
82.43298	124.36742	123.17096	58.548233	164.02588	77.963104	118.92852	167.69022	NaN	175.07208	129.59932	87.843094	196.81638	63.67654	162.67612	176.97423	60.088512	206.06073	124.33416	136.90007	208.71869	78.93647	197.29774	174.53409	114.67407	221.7666	127.08578	177.87305	208.52759	118.9807	217.70267	173.04697	162.34593	222.85645	151.33708	204.0116	203.11874	170.75128	215.30817	192.33559
129.50214	72.99238	135.94463	132.28568	59.363064	173.98721	81.65324	124.60944	175.07208	NaN	181.54898	133.97498	90.40439	202.56413	64.64495	166.60031	180.95355	59.76377	210.11348	125.86807	138.52052	211.82597	78.06455	199.53448	176.01747	114.547844	223.51501	127.0049	178.44476	209.15527	118.78149	217.70268	172.94414	162.3713	221.48282	152.4425	202.36694	201.11401	174.18724	207.05873
107.16866	148.32843	68.26384	145.54306	140.13306	60.4053	182.64897	84.93551	129.59932	181.54898	NaN	187.21536	137.79485	92.64355	207.53175	65.515686	169.95563	184.32529	59.536186	213.46756	127.144066	139.8399	214.26573	77.41914	201.18762	177.06755	114.47608	224.5516	126.96885	178.63484	209.15527	118.98069	216.96292	172.63808	162.43932	219.1198	154.242	199.93214	198.18137	180.65178
115.29156	108.00323	161.67113	65.359085	153.73788	146.96036	61.520275	190.21198	87.843094	133.97498	187.21536	NaN	192.14314	141.10362	94.58008	211.77771	66.279366	172.77716	187.12608	59.37869	216.16399	128.16267	140.8618	216.07022	76.97465	202.27876	177.694	114.443726	224.89514	126.96886	178.44476	208.5276	119.58807	215.46208	172.13667	162.58914	215.63112	156.97614	196.47406	193.65614
143.37695	117.71028	110.3849	172.40036	63.437748	160.82497	152.92548	62.62614	196.81638	90.40439	137.79485	192.14314	NaN	196.38835	143.93643	96.23018	215.34715	66.93028	175.09224	189.38383	59.27214	218.23302	128.92493	141.58946	217.2617	76.71407	202.82121	177.90208	114.44383	224.55162	127.00478	177.87314	207.25919	120.63473	213.15334	171.45584	162.8956	210.74863	161.19469	191.20421
109.95185	159.8682	120.98462	113.067314	181.38734	62.119984	166.98491	158.13765	63.67654	202.56413	92.64355	141.10362	196.38835	NaN	199.9944	146.32115	97.6065	218.27504	67.46551	176.92143	191.11983	59.202663	219.69641	129.43239	142.02469	217.85406	76.62825	202.82121	177.69388	114.4762	223.51501	127.08567	176.91533	205.32219	122.17925	209.95348	170.62602	163.50316	203.87096	168.78407
147.04799	99.179115	171.45958	124.2761	115.72097	189.04672	61.198704	172.33923	162.67612	64.64495	207.53175	94.58008	143.93643	199.9944	NaN	202.99551	148.27917	98.71953	220.58813	67.883	178.2805	192.34941	59.161125	220.56877	129.68616	142.1697	217.85406	76.71408	202.27885	177.06744	114.54796	221.76662	127.23023	175.56358	202.66891	124.32141	205.71875	169.70753	164.73639	192.94975
143.01031	159.43411	93.07207	180.70496	127.37513	118.217766	195.61778	60.548553	176.97423	166.60031	65.515686	211.77771	96.23018	146.32115	202.99551	NaN	205.41829	149.82722	99.57733	222.3065	68.181725	179.18057	193.0831	59.141735	220.85858	129.68616	142.02469	217.26172	76.97459	201.18768	176.01736	114.67417	219.27274	127.47047	173.80634	199.22243	127.232285	200.18423	168.84087	167.7031
129.41928	149.7295	168.40155	88.86923	188.37628	130.20714	120.50066	201.25398	60.088512	180.95355	169.95563	66.279366	215.34715	97.6065	148.27917	205.41829	NaN	207.28304	150.97786	100.1859	223.44443	68.36114	179.62886	193.32698	59.141468	220.56871	129.43271	141.58917	216.07027	77.41921	199.53441	174.53421	114.879845	215.98029	127.85741	171.62701	194.85571	131.22858	192.773	168.52142
166.69443	122.80189	155.21724	175.63264	85.76245	194.8389	132.74374	122.54345	206.06073	59.76377	184.32529	172.77716	66.93028	218.27504	98.71953	149.82722	207.28304	NaN	208.60478	151.7401	100.549416	224.01114	68.42096	179.62885	193.0833	59.16085	219.69633	128.92523	140.86165	214.26578	78.064606	197.29765	172.60393	115.20376	211.8083	128.47247	169.00232	189.34119	137.0075	181.54617
139.5513	181.98845	119.578995	159.88924	181.6484	83.38299	200.30194	134.97519	124.33416	210.11348	59.536186	187.12608	175.09224	67.46551	220.58813	99.57733	150.97786	208.60478	NaN	209.39383	152.1198	100.67031	224.01114	68.36113	179.18033	192.34964	59.202396	218.23296	128.16283	139.83975	211.82605	78.93652	194.44608	170.20697	115.70542	206.63196	129.45181	165.89769	182.19264	146.9431
157.92625	133.79611	192.29489	117.67555	163.89484	186.70042	81.52775	204.89851	136.90007	125.86807	213.46756	59.37869	189.38383	176.92143	67.883	222.3065	100.1859	151.7401	209.39383	NaN	209.65619	152.11981	100.549416	223.44443	68.1821	178.28024	191.12006	59.27189	216.16397	127.14422	138.52037	208.71877	80.07264	190.93495	167.31636	116.47796	200.24849	131.04459	162.25485	171.79897
171.79897	162.25487	131.04457	200.24849	116.478004	167.3163	190.93503	80.072586	208.71869	138.52052	127.144066	216.16399	59.27214	191.11983	178.2805	68.181725	223.44443	100.549416	152.1198	209.65619	NaN	209.3938	151.74013	100.1859	222.30655	67.88337	176.92119	189.38402	59.378567	213.46753	125.86823	136.89993	204.89854	81.52779	186.7004	163.89488	117.675514	192.29489	133.7961	157.92625
146.94312	182.19264	165.8977	129.45178	206.63196	115.705475	170.20686	194.44615	78.93647	211.82597	139.8399	128.16267	218.23302	59.202663	192.34941	179.18057	68.36114	224.01114	100.67031	152.11981	209.3938	NaN	208.6048	150.97786	99.57696	220.58817	67.46587	175.09198	187.12619	59.53606	210.11345	124.33431	134.97504	200.302	83.383	181.64836	159.88927	119.57897	181.98845	139.5513
181.54619	137.00754	189.34119	169.00237	128.47244	211.80832	115.20388	172.60382	197.29774	78.06455	214.26573	140.8618	128.92493	219.69641	59.161125	193.0831	179.62886	68.42096	224.01114	100.549416	151.74013	208.6048	NaN	207.28305	149.82755	98.71916	218.27509	66.93063	172.77705	184.3254	59.76365	206.06071	122.543594	132.74362	194.83894	85.76246	175.63263	155.21725	122.801865	166.69443
168.52142	192.773	131.22858	194.85568	171.62708	127.85736	215.98027	114.879944	174.53409	199.53448	77.41914	216.07022	141.58946	129.43239	220.56877	59.141735	193.32698	179.62885	68.36113	223.44443	100.1859	150.97786	207.28305	NaN	205.41814	148.27948	97.60613	215.34718	66.27954	169.95549	180.95366	60.08839	201.25395	120.50079	130.20708	188.3763	88.86924	168.40154	149.72952	129.41928
167.70306	168.84096	200.18417	127.23228	199.22252	173.8062	127.47057	219.27274	114.67407	176.01747	201.18762	76.97465	217.2617	142.02469	129.68616	220.85858	59.141468	193.0833	179.18033	68.1821	222.30655	99.57696	149.82755	205.41814	NaN	202.99551	146.32117	96.23018	211.7777	65.51552	166.60042	176.97415	60.54865	195.61781	118.217575	127.37529	180.7049	93.072014	159.43419	143.01024
192.94977	164.73631	169.70764	205.7187	124.32139	202.66902	175.5635	127.23034	221.7666	114.547844	177.06755	202.27876	76.71407	217.85406	142.1697	129.68616	220.56871	59.16085	192.34964	178.28024	67.88337	220.58817	98.71916	148.27948	202.99551	NaN	199.99438	143.93645	94.58024	207.53172	64.64479	162.67624	172.33914	61.19879	189.04678	115.720795	124.27625	171.45952	99.17907	147.04803
168.78412	203.87097	163.50305	170.62614	209.95343	122.17924	205.32225	176.91522	127.08578	223.51501	114.47608	177.694	202.82121	76.62825	217.85406	142.02469	129.43271	219.69633	59.202396	191.12006	176.92119	67.46587	218.27509	97.60613	146.32117	199.99438	NaN	196.38835	141.10347	92.64372	202.56412	63.676376	158.13776	166.98482	62.120106	181.38737	113.06715	120.984764	159.86813	109.95181
191.20418	161.19473	210.74864	162.8955	171.45595	213.15327	120.63472	207.25925	177.87305	127.0049	224.5516	114.443726	177.90208	202.82121	76.71408	217.26172	141.58917	128.92523	218.23296	59.27189	189.38402	175.09198	66.93063	215.34718	96.23018	143.93645	196.38835	NaN	192.1432	137.7947	90.40456	196.81636	62.625988	152.92557	160.82484	63.437855	172.4004	110.38474	117.7104	143.3769
193.65617	196.47403	156.97617	215.63112	162.58911	172.13672	215.46207	119.58807	208.52759	178.44476	126.96885	224.89514	114.44383	177.69388	202.27885	76.97459	216.07027	140.86165	128.16283	216.16397	59.378567	187.12619	172.77705	66.27954	211.7777	94.58024	141.10347	192.1432	NaN	187.21536	133.97499	87.843094	190.212	61.520275	146.96042	153.73784	65.359116	161.67116	108.00317	115.291595
180.65178	198.1814	199.93211	154.24205	219.11983	162.43929	172.63808	216.96292	118.9807	209.15527	178.63484	126.96886	224.55162	114.4762	177.06744	201.18768	77.41921	214.26578	139.83975	127.14422	213.46753	59.53606	184.3254	169.95549	65.51552	207.53172	92.64372	137.7947	187.21536	NaN	181.549	129.59932	84.93549	182.64896	60.40523	140.13309	145.54303	68.26387	148.32846	107.16862
207.05873	174.18723	201.11404	202.36691	152.44254	221.48283	162.37134	172.94414	217.70267	118.78149	209.15527	178.44476	127.00478	223.51501	114.54796	176.01736	199.53441	78.064606	211.82605	138.52037	125.86823	210.11345	59.76365	180.95366	166.60042	64.64479	202.56412	90.40456	133.97499	181.549	NaN	175.0721	124.60945	81.65324	173.98723	59.363003	132.28572	135.94456	72.9924	129.50215
192.33562	215.30817	170.75125	203.11877	204.0116	151.3371	222.85646	162.34593	173.04697	217.70268	118.98069	208.5276	177.87314	127.08567	221.76662	114.67417	174.53421	197.29765	78.93652	208.71877	136.89993	124.33431	206.06071	60.08839	176.97415	162.67624	63.676376	196.81636	87.843094	129.59932	175.0721	NaN	167.69023	118.92852	77.96319	164.02588	58.54818	123.17103	124.367386	82.433014
199.92584	189.3801	219.94814	168.7097	204.39005	204.96776	150.8089	223.30756	162.34593	172.94414	216.96292	119.58807	207.25919	176.91533	127.23023	219.27274	114.879845	172.60393	194.44608	80.07264	204.89854	134.97504	122.543594	201.25395	60.54865	172.33914	158.13776	62.625988	190.212	84.93549	124.60945	167.69023	NaN	159.27676	112.45264	73.82982	152.45747	58.278057	112.34087	109.107506
212.66396	199.72932	188.02167	222.67763	167.6015	205.0095	205.28192	150.80891	222.85645	162.3713	172.63808	215.46208	120.63473	205.32219	175.56358	127.47047	215.98029	115.20376	170.20697	190.93495	81.52779	200.302	132.74362	120.50079	195.61781	61.19879	166.98482	152.92557	61.520275	182.64896	81.65324	118.92852	159.27676	NaN	149.65623	105.03631	69.224945	138.7601	59.316444	98.61735
198.29698	217.93896	199.79309	187.3593	223.963	167.24852	205.00948	204.96779	151.33708	221.48282	162.43932	172.13667	213.15334	122.17925	202.66891	173.80634	127.85741	211.8083	115.70542	167.31636	186.7004	83.383	194.83894	130.20708	118.217575	189.04678	62.120106	160.82484	146.96042	60.40523	173.98723	77.96319	112.45264	149.65623	NaN	138.57445	96.465935	64.16507	121.86765	64.41023
216.39262	193.3371	220.3907	199.85547	187.15771	223.96298	167.60153	204.39003	204.0116	152.4425	219.1198	162.58914	171.45584	209.95348	124.32141	199.22243	171.62701	128.47247	206.63196	116.47796	163.89488	181.64836	85.76246	188.3763	127.37529	115.720795	181.38737	63.437855	153.73784	140.13309	59.363003	164.02588	73.82982	105.03631	138.57445	NaN	125.638596	86.40637	58.876152	98.38836
213.61455	219.7545	191.473	221.14224	199.8555	187.35931	222.67764	168.7097	203.11874	202.36694	154.242	215.63112	162.8956	170.62602	205.71875	127.232285	194.85571	169.00232	129.45181	200.24849	117.675514	159.88927	175.63263	88.86924	180.7049	124.27625	113.06715	172.4004	65.359116	145.54303	132.28572	58.54818	152.45747	69.224945	96.465935	125.638596	NaN	110.179405	74.27981	54.918167
212.2533	213.89357	220.6643	191.473	220.39072	199.7931	188.02165	219.94815	170.75128	201.11401	199.93214	156.97614	210.74863	163.50316	169.70753	200.18423	131.22858	189.34119	165.89769	131.04459	192.29489	119.57897	155.21725	168.40154	93.072014	171.45952	120.984764	110.38474	161.67116	68.26387	135.94456	123.17103	58.278057	138.7601	64.16507	86.40637	110.179405	NaN	90.85025	58.971935
224.14275	210.92462	213.89354	219.7545	193.3371	217.93896	199.72935	189.38007	215.30817	174.18724	198.18137	196.47406	161.19469	203.87096	164.73639	168.84087	192.773	137.0075	182.19264	162.25485	133.7961	181.98845	122.801865	149.72952	159.43419	99.17907	159.86813	117.7104	108.00317	148.32846	72.9924	124.367386	112.34087	59.316444	121.86765	58.876152	74.27981	90.85025	NaN	63.696877
219.88974	224.14278	212.25328	213.61453	216.39264	198.29698	212.66396	199.92586	192.33559	207.05873	180.65178	193.65614	191.20421	168.78407	192.94975	167.7031	168.52142	181.54617	146.9431	171.79897	157.92625	139.5513	166.69443	129.41928	143.01024	147.04803	109.95181	143.3769	115.291595	107.16862	129.50215	82.433014	109.107506	98.61735	64.41023	98.38836	54.918167	58.971935	63.696877	NaN
