NaN	1.6510317	1.7686192	0.98156255	354.1652	1.1722765	353.6789	355.18524	1.4157454	1.3375651	320.96814	0.82197285	0.7254508	0.85502636	261.5254	0.4738375	353.01465	354.42505	0.88742954	0.77683175	1.009132	1.3230903	353.44064	1.5877265	0.34727558	0.9748919	1.3513912	0.84020996	379.72345	0.9843909	1.253754	1.5102257	352.42813	0.95546603	350.49088	1.0953763	0.52071327	351.20325	1.3295724	0.8536219
1.6510317	NaN	0.8974726	2.0945313	353.69092	2.3028886	353.20447	354.7106	2.5376031	0.3213094	321.29486	2.0908203	1.1866945	1.763686	261.94342	1.838471	352.54044	353.95108	1.0907171	1.0750847	1.6310265	0.3509788	352.9667	3.0198455	1.3686726	1.0791799	1.2032542	1.3528067	380.43195	1.9452122	2.0444887	0.7725018	351.95428	1.8986722	350.0163	1.1372879	2.0393195	350.72922	2.679319	1.8584572
1.7686192	0.8974726	NaN	1.7660793	353.45792	2.507192	352.97144	354.47714	2.102322	0.8482593	321.95187	1.8394395	1.2226602	1.4693153	262.49243	1.7156711	352.30753	353.71814	0.9138088	1.514453	2.1843784	1.0170422	352.7339	2.8882713	1.4347714	0.82810426	0.8266379	1.1113122	381.18103	1.5829834	2.3348925	0.39374304	351.72156	2.377275	349.78296	1.5802654	1.9480648	350.49615	2.3979163	2.3069406
0.98156255	2.0945313	1.7660793	NaN	354.22595	1.8707728	353.73956	355.24542	0.48985597	1.788307	321.44183	0.5340972	1.0150602	0.73047584	262.2823	0.5765196	353.07547	354.48584	1.0067877	1.6086206	1.9045591	1.8546317	353.50156	1.6257223	0.92811894	1.0995096	1.1892763	0.9482432	380.44235	0.18741117	2.0314786	1.6622845	352.48914	1.9259127	350.5512	1.8772151	0.60804373	351.26392	1.0127958	1.7491986
354.1652	353.69092	353.45792	354.22595	NaN	353.43304	0.48752525	1.0437455	354.16882	353.7682	648.2759	353.8461	354.2792	353.5887	351.30487	354.02798	1.1512629	0.27077875	353.93192	353.84024	354.5908	353.85236	0.7338278	353.49744	354.1089	353.66568	354.1771	353.58377	622.1187	354.15115	353.25214	353.35208	1.7448843	354.2193	3.6790116	353.43063	354.18225	2.962353	353.65872	354.61603
1.1722765	2.3028886	2.507192	1.8707728	353.43304	NaN	352.9468	354.4536	2.1282701	2.0491993	321.25174	1.405761	1.8195502	1.4298886	260.43884	1.3257486	352.28238	353.69272	1.8333797	1.2947661	1.5819181	2.0214477	352.7082	1.198515	1.4183692	1.761161	2.3820639	1.5245328	379.27557	1.9066058	0.42794785	2.1429613	351.69553	1.0412444	349.7592	1.2224536	1.3217577	350.47107	1.4707061	1.3952621
353.6789	353.20447	352.97144	353.73956	0.48752525	352.9468	NaN	1.5184714	353.68246	353.28177	647.8125	353.35977	353.7928	353.10236	350.97388	353.54163	0.6681712	0.75413644	353.4455	353.35388	354.1045	353.36597	0.28159514	353.0112	353.62253	353.17926	353.69064	353.0974	621.729	353.66476	352.7659	352.86563	1.2663707	353.73303	3.1917727	352.9443	353.69592	2.4766693	353.1724	354.12973
355.18524	354.7106	354.47714	355.24542	1.0437455	354.4536	1.5184714	NaN	355.1882	354.78787	649.3122	354.86584	355.2989	354.6084	352.19717	355.0478	2.186242	0.8103173	354.95148	354.86035	355.61118	354.87216	1.775858	354.51764	355.12875	354.68524	355.19638	354.60345	623.0929	355.17062	354.2727	354.37155	2.783384	355.23987	4.694497	354.45087	355.20215	3.9884777	354.67853	355.63644
1.4157454	2.5376031	2.102322	0.48985597	354.16882	2.1282701	353.68246	355.1882	NaN	2.2382832	321.69666	0.753429	1.4991385	1.0118221	262.4301	0.9722175	353.0184	354.4287	1.448464	2.0638936	2.3633966	2.317536	353.44446	1.5861577	1.4018949	1.5004542	1.5729238	1.3190526	380.65762	0.6029335	2.3400905	2.0256732	352.4321	2.3327386	350.49402	2.294655	0.95200527	351.20676	0.9128106	2.178067
1.3375651	0.3213094	0.8482593	1.788307	353.7682	2.0491993	353.28177	354.78787	2.2382832	NaN	321.2759	1.77733	0.88638514	1.4651929	261.9091	1.5180712	352.61768	354.0283	0.7926426	0.8234341	1.4290079	0.1720199	353.0439	2.7191474	1.0490024	0.7954863	0.9980486	1.0599837	380.3529	1.6453726	1.8283769	0.64943206	352.03146	1.6716956	350.09357	0.95460504	1.7180318	350.80643	2.3708813	1.6180516
320.96814	321.29486	321.95187	321.44183	648.2759	321.25174	647.8125	649.3122	321.69666	321.2759	NaN	321.6014	321.0361	321.7938	390.72006	321.31638	647.1573	648.5196	321.42136	321.00668	320.16718	321.1245	647.55664	321.70514	321.098	321.64426	321.40714	321.7139	227.00085	321.50964	321.3133	321.89078	646.5693	320.4135	644.77765	321.27335	321.1725	645.42615	321.82883	320.201
0.82197285	2.0908203	1.8394395	0.5340972	353.8461	1.405761	353.35977	354.86584	0.753429	1.77733	321.6014	NaN	1.1434662	0.42547694	261.7943	0.3664624	352.6956	354.10596	1.0761244	1.4293324	1.8307507	1.8362632	353.1216	1.1773739	0.8733622	1.0676455	1.4551712	0.79100174	380.27667	0.58987486	1.5892276	1.6322869	352.10916	1.6928436	350.17157	1.6072266	0.4317102	350.8841	0.6323622	1.6477476
0.7254508	1.1866945	1.2226602	1.0150602	354.2792	1.8195502	353.7928	355.2989	1.4991385	0.88638514	321.0361	1.1434662	NaN	1.0061109	262.10822	0.8354672	353.12872	354.5392	0.39259633	0.8702386	1.1985861	0.91016245	353.55487	2.1985347	0.4108177	0.6378462	0.6793417	0.7658076	380.17487	0.9080551	1.7886822	1.085041	352.54242	1.4446933	350.60455	1.2358924	0.9849608	351.31732	1.7701919	1.2256347
0.85502636	1.763686	1.4693153	0.73047584	353.5887	1.4298886	353.10236	354.6084	1.0118221	1.4651929	321.7938	0.42547694	1.0061109	NaN	261.81314	0.50012	352.4382	353.8486	0.8105372	1.2335588	1.8126277	1.5473909	352.8643	1.4383221	0.77255756	0.7183361	1.2387899	0.41346648	380.48416	0.66582745	1.5004808	1.2395346	351.85184	1.7045144	349.9141	1.353828	0.7111309	350.62674	0.94440055	1.7003143
261.5254	261.94342	262.49243	262.2823	351.30487	260.43884	350.97388	352.19717	262.4301	261.9091	390.72006	261.7943	262.10822	261.81314	NaN	261.75922	350.4437	351.4538	262.14313	261.2969	261.2026	261.81714	350.7038	260.8877	261.76657	262.03046	262.6823	261.8589	283.85995	262.33896	260.39218	262.11148	349.93674	260.75037	348.7776	261.02533	261.71124	349.1594	261.55676	261.14697
0.4738375	1.838471	1.7156711	0.5765196	354.02798	1.3257486	353.54163	355.0478	0.9722175	1.5180712	321.31638	0.3664624	0.8354672	0.50012	261.75922	NaN	352.87747	354.28787	0.8561681	1.127411	1.4771345	1.5545768	353.30347	1.3803182	0.53068995	0.90515256	1.2770354	0.68123317	380.07956	0.5972479	1.4656016	1.4947966	352.291	1.3990307	350.3535	1.3730631	0.2448171	351.06598	0.95116806	1.3114412
353.01465	352.54044	352.30753	353.07547	1.1512629	352.28238	0.6681712	2.186242	353.0184	352.61768	647.1573	352.6956	353.12872	352.4382	350.4437	352.87747	NaN	1.4114572	352.78143	352.68967	353.44016	352.70187	0.4333536	352.34683	352.95837	352.5152	353.0267	352.43332	621.13544	353.0007	352.1015	352.20166	0.59994936	353.06863	2.5338032	352.28006	353.03174	1.8124101	352.50818	353.4654
354.42505	353.95108	353.71814	354.48584	0.27077875	353.69272	0.75413644	0.8103173	354.4287	354.0283	648.5196	354.10596	354.5392	353.8486	351.4538	354.28787	1.4114572	NaN	354.19196	354.1002	354.85068	354.1125	0.9859453	353.75702	354.36884	353.92572	354.43726	353.84378	622.3061	354.4111	353.5119	353.6122	1.9996477	354.47906	3.9419732	353.69058	354.44208	3.2222426	353.91846	354.87585
0.88742954	1.0907171	0.9138088	1.0067877	353.93192	1.8333797	353.4455	354.95148	1.448464	0.7926426	321.42136	1.0761244	0.39259633	0.8105372	262.14313	0.8561681	352.78143	354.19196	NaN	0.934814	1.4919214	0.8841584	353.2076	2.1677258	0.5474271	0.26707906	0.5574774	0.48278406	380.48987	0.855041	1.7715179	0.75648594	352.19522	1.6489617	350.2572	1.1870567	1.0700977	350.97003	1.6984887	1.5214989
0.77683175	1.0750847	1.514453	1.6086206	353.84024	1.2947661	353.35388	354.86035	2.0638936	0.8234341	321.00668	1.4293324	0.8702386	1.2335588	261.2969	1.127411	352.68967	354.1002	0.934814	NaN	0.8569605	0.75496966	353.11572	2.1233354	0.6964228	0.94041747	1.4114984	0.96654874	379.72498	1.5374364	1.1058241	1.1923046	352.10318	0.8832086	350.166	0.43605596	1.2657636	350.8784	1.9421073	0.9551975
1.009132	1.6310265	2.1843784	1.9045591	354.5908	1.5819181	354.1045	355.61118	2.3633966	1.4290079	320.16718	1.8307507	1.1985861	1.8126277	261.2026	1.4771345	353.44016	354.85068	1.4919214	0.8569605	NaN	1.3001132	353.86615	2.39467	1.0941449	1.6207569	1.8332359	1.6442701	379.02542	1.8909414	1.5158125	1.9399205	352.85355	0.6035036	350.91675	1.1946527	1.4843355	351.62894	2.2970223	0.34369227
1.3230903	0.3509788	1.0170422	1.8546317	353.85236	2.0214477	353.36597	354.87216	2.317536	0.1720199	321.1245	1.8362632	0.91016245	1.5473909	261.81714	1.5545768	352.70187	354.1125	0.8841584	0.75496966	1.3001132	NaN	353.12808	2.746169	1.0590829	0.9109852	1.1043713	1.1535214	380.19223	1.7223923	1.7929356	0.81714207	352.11563	1.5687461	350.17783	0.9097859	1.7399075	350.8906	2.4278786	1.5127451
353.44064	352.9667	352.7339	353.50156	0.7338278	352.7082	0.28159514	1.775858	353.44446	353.0439	647.55664	353.1216	353.55487	352.8643	350.7038	353.30347	0.4333536	0.9859453	353.2076	353.11572	353.86615	353.12808	NaN	352.77258	353.38443	352.94138	353.453	352.85944	621.4541	353.42682	352.52734	352.6279	1.0137628	353.4945	2.9646888	352.7061	353.4577	2.2398672	352.93408	353.89133
1.5877265	3.0198455	2.8882713	1.6257223	353.49744	1.198515	353.0112	354.51764	1.5861577	2.7191474	321.70514	1.1773739	2.1985347	1.4383221	260.8877	1.3803182	352.34683	353.75702	2.1677258	2.1233354	2.39467	2.746169	352.77258	NaN	1.8253182	2.1086726	2.6158745	1.7916474	379.7208	1.7391902	1.5740865	2.6065993	351.76	1.9801311	349.82333	2.16065	1.2828999	350.5353	0.69868135	2.1205363
0.34727558	1.3686726	1.4347714	0.92811894	354.1089	1.4183692	353.62253	355.12875	1.4018949	1.0490024	321.098	0.8733622	0.4108177	0.77255756	261.76657	0.53068995	352.95837	354.36884	0.5474271	0.6964228	1.0941449	1.0590829	353.38443	1.8253182	NaN	0.6682044	1.0196706	0.62000066	379.99234	0.86632293	1.4237146	1.2016068	352.37195	1.1702563	350.43442	1.0373864	0.6849775	351.14697	1.4689018	1.0387186
0.9748919	1.0791799	0.82810426	1.0995096	353.66568	1.761161	353.17926	354.68524	1.5004542	0.7954863	321.64426	1.0676455	0.6378462	0.7183361	262.03046	0.90515256	352.5152	353.92572	0.26707906	0.94041747	1.6207569	0.9109852	352.94138	2.1086726	0.6682044	NaN	0.7273729	0.32404444	380.5953	0.94550747	1.6722474	0.5955147	351.92896	1.7034984	349.99097	1.0958424	1.1424783	350.70377	1.6557945	1.6481124
1.3513912	1.2032542	0.8266379	1.1892763	354.1771	2.3820639	353.69064	355.19638	1.5729238	0.9980486	321.40714	1.4551712	0.6793417	1.2387899	262.6823	1.2770354	353.0267	354.43726	0.5574774	1.4114984	1.8332359	1.1043713	353.453	2.6158745	1.0196706	0.7273729	NaN	0.97554535	380.80988	1.0197381	2.3261898	0.9230269	352.44064	2.1095598	350.50217	1.6814597	1.4561102	351.21527	2.065967	1.8963722
0.84020996	1.3528067	1.1113122	0.9482432	353.58377	1.5245328	353.0974	354.60345	1.3190526	1.0599837	321.7139	0.79100174	0.7658076	0.41346648	261.8589	0.68123317	352.43332	353.84378	0.48278406	0.96654874	1.6442701	1.1535214	352.85944	1.7916474	0.62000066	0.32404444	0.97554535	NaN	380.5097	0.82441556	1.4863417	0.85131514	351.847	1.6220993	349.90915	1.0905466	0.925803	350.62186	1.3511665	1.6099063
379.72345	380.43195	381.18103	380.44235	622.1187	379.27557	621.729	623.0929	380.65762	380.3529	227.00085	380.27667	380.17487	380.48416	283.85995	380.07956	621.13544	622.3061	380.48987	379.72498	379.02542	380.19223	621.4541	379.7208	379.99234	380.5953	380.80988	380.5097	NaN	380.54947	379.35446	380.90076	620.5812	378.90524	619.153	379.78705	379.91727	619.64435	380.2295	378.96954
0.9843909	1.9452122	1.5829834	0.18741117	354.15115	1.9066058	353.66476	355.17062	0.6029335	1.6453726	321.50964	0.58987486	0.9080551	0.66582745	262.33896	0.5972479	353.0007	354.4111	0.855041	1.5374364	1.8909414	1.7223923	353.42682	1.7391902	0.86632293	0.94550747	1.0197381	0.82441556	380.54947	NaN	2.029423	1.4929373	352.41443	1.9394687	350.47638	1.799696	0.6944244	351.18915	1.1228002	1.7669421
1.253754	2.0444887	2.3348925	2.0314786	353.25214	0.42794785	352.7659	354.2727	2.3400905	1.8283769	321.3133	1.5892276	1.7886822	1.5004808	260.39218	1.4656016	352.1015	353.5119	1.7715179	1.1058241	1.5158125	1.7929356	352.52734	1.5740865	1.4237146	1.6722474	2.3261898	1.4863417	379.35446	2.029423	NaN	1.9515634	351.51468	1.0110667	349.5783	0.9149641	1.5217372	350.29022	1.7602623	1.4192872
1.5102257	0.7725018	0.39374304	1.6622845	353.35208	2.1429613	352.86563	354.37155	2.0256732	0.64943206	321.89078	1.6322869	1.085041	1.2395346	262.11148	1.4947966	352.20166	353.6122	0.75648594	1.1923046	1.9399205	0.81714207	352.6279	2.6065993	1.2016068	0.5955147	0.9230269	0.85131514	380.90076	1.4929373	1.9515634	NaN	351.6155	2.0632303	349.67728	1.2088606	1.7335929	350.39026	2.179929	2.0508657
352.42813	351.95428	351.72156	352.48914	1.7448843	351.69553	1.2663707	2.783384	352.4321	352.03146	646.5693	352.10916	352.54242	351.85184	349.93674	352.291	0.59994936	1.9996477	352.19522	352.10318	352.85355	352.11563	1.0137628	351.76	352.37195	351.92896	352.44064	351.847	620.5812	352.41443	351.51468	351.6155	NaN	352.48184	1.9679685	351.6935	352.44522	1.2346098	351.9216	352.87872
0.95546603	1.8986722	2.377275	1.9259127	354.2193	1.0412444	353.73303	355.23987	2.3327386	1.6716956	320.4135	1.6928436	1.4446933	1.7045144	260.75037	1.3990307	353.06863	354.47906	1.6489617	0.8832086	0.6035036	1.5687461	353.4945	1.9801311	1.1702563	1.7034984	2.1095598	1.6220993	378.90524	1.9394687	1.0110667	2.0632303	352.48184	NaN	350.5454	1.0664998	1.38342	351.2574	2.034681	0.47755405
350.49088	350.0163	349.78296	350.5512	3.6790116	349.7592	3.1917727	4.694497	350.49402	350.09357	644.77765	350.17157	350.60455	349.9141	348.7776	350.3535	2.5338032	3.9419732	350.2572	350.166	350.91675	350.17783	2.9646888	349.82333	350.43442	349.99097	350.50217	349.90915	619.153	350.47638	349.5783	349.67728	1.9679685	350.5454	NaN	349.75647	350.50784	0.73870856	349.98425	350.94202
1.0953763	1.1372879	1.5802654	1.8772151	353.43063	1.2224536	352.9443	354.45087	2.294655	0.95460504	321.27335	1.6072266	1.2358924	1.353828	261.02533	1.3730631	352.28006	353.69058	1.1870567	0.43605596	1.1946527	0.9097859	352.7061	2.16065	1.0373864	1.0958424	1.6814597	1.0905466	379.78705	1.799696	0.9149641	1.2088606	351.6935	1.0664998	349.75647	NaN	1.5289537	350.46878	2.0500915	1.2891407
0.52071327	2.0393195	1.9480648	0.60804373	354.18225	1.3217577	353.69592	355.20215	0.95200527	1.7180318	321.1725	0.4317102	0.9849608	0.7111309	261.71124	0.2448171	353.03174	354.44208	1.0700977	1.2657636	1.4843355	1.7399075	353.4577	1.2828999	0.6849775	1.1424783	1.4561102	0.925803	379.91727	0.6944244	1.5217372	1.7335929	352.44522	1.38342	350.50784	1.5289537	NaN	351.22025	0.89388585	1.2710923
351.20325	350.72922	350.49615	351.26392	2.962353	350.47107	2.4766693	3.9884777	351.20676	350.80643	645.42615	350.8841	351.31732	350.62674	349.1594	351.06598	1.8124101	3.2222426	350.97003	350.8784	351.62894	350.8906	2.2398672	350.5353	351.14697	350.70377	351.21527	350.62186	619.64435	351.18915	350.29022	350.39026	1.2346098	351.2574	0.73870856	350.46878	351.22025	NaN	350.6966	351.6541
1.3295724	2.679319	2.3979163	1.0127958	353.65872	1.4707061	353.1724	354.67853	0.9128106	2.3708813	321.82883	0.6323622	1.7701919	0.94440055	261.55676	0.95116806	352.50818	353.91846	1.6984887	1.9421073	2.2970223	2.4278786	352.93408	0.69868135	1.4689018	1.6557945	2.065967	1.3511665	380.2295	1.1228002	1.7602623	2.179929	351.9216	2.034681	349.98425	2.0500915	0.89388585	350.6966	NaN	2.0585885
0.8536219	1.8584572	2.3069406	1.7491986	354.61603	1.3952621	354.12973	355.63644	2.178067	1.6180516	320.201	1.6477476	1.2256347	1.7003143	261.14697	1.3114412	353.4654	354.87585	1.5214989	0.9551975	0.34369227	1.5127451	353.89133	2.1205363	1.0387186	1.6481124	1.8963722	1.6099063	378.96954	1.7669421	1.4192872	2.0508657	352.87872	0.47755405	350.94202	1.2891407	1.2710923	351.6541	2.0585885	NaN
