13.549604	12.966902	-43.94999	12.943853	4.187414	25.05697	14.306528	33.858303	-33.976196	30.130287	3.4028235E38	24.71213	-12.319689	11.906541	-25.656199	42.35801	2.955824	-28.86699	14.43824	0.009422302
12.229373	16.929129	-36.582283	0.40071678	37.220562	15.187069	18.500093	29.537186	-20.949934	25.146639	27.745914	5.9678383	-3.4028235E38	17.851582	-22.658821	17.87219	25.308567	-17.226585	39.491165	11.651541
28.033226	43.249134	-3.4028235E38	15.787315	21.951305	18.460674	3.4028235E38	31.353619	-20.0122	28.753613	15.726326	14.113533	-15.583441	7.3767757	-5.38671	29.659784	14.003709	-9.410944	28.807655	36.27958
29.361088	33.82254	-26.58401	31.051275	10.004365	12.253775	1.4650917	8.88917	-17.311632	3.4028235E38	21.257004	18.331894	-47.510414	4.634576	-33.2444	18.103186	16.759865	-48.199802	10.182315	22.617891
-13.38331	-9.119234	54.818115	-15.320307	-11.814242	-40.42118	-31.180635	-20.183918	-36.477005	-11.571338	-34.92289	-4.179062	7.877924	-22.097713	30.291962	-20.301252	-15.956778	27.293411	-10.159268	-44.01936
28.128057	29.482056	-11.305286	22.361944	7.3582315	28.531464	44.566128	44.818275	-20.995337	20.003399	2.5366287	3.238655	-17.050983	35.515038	-35.37388	33.360447	10.276399	-30.812529	23.215624	3.4028235E38
-19.517395	-21.976393	29.100222	-19.675667	-29.314648	-19.871445	-11.561486	-54.19996	-30.82235	-14.770772	-21.54869	-8.6228485	9.305126	-24.499323	9.545456	-6.623969	-41.56112	56.774445	-10.26745	-37.142616
-52.36169	-9.933798	15.317301	-3.4028235E38	-7.9081783	-17.157	-4.0771217	-43.145218	-33.040695	-30.627277	-43.12513	-13.316534	22.71811	-6.0634794	22.354845	-8.183213	-39.343872	33.836887	-23.70029	-36.027637
35.408512	18.560463	-0.019239426	3.4028235E38	36.459152	46.660545	11.849837	9.211201	-53.68297	13.5951805	25.113384	18.909199	-34.798428	12.108939	-34.14157	21.326633	23.965073	-29.408173	3.4028235E38	48.94366
5.568261	9.779187	-24.587261	43.461517	15.605757	22.207226	23.701086	25.898764	-3.4028235E38	12.072256	43.764137	3.4028235E38	-17.533163	10.570291	-41.741734	22.722742	50.875637	-10.289621	13.273075	20.499199
-16.454346	-21.890331	-38.340866	-14.460464	-14.790548	-32.667946	-0.24456024	-14.2555485	11.838568	-30.9402	-14.8978195	-22.99428	-35.842415	-32.139328	-22.724325	-3.4028235E38	-12.760294	-49.028862	-32.833183	-3.4028235E38
29.811016	25.303276	-40.286705	12.972584	18.910378	21.331905	23.2886	49.495514	-22.551064	5.6970434	30.755417	18.21122	-9.120565	3.5577068	-3.4028235E38	34.743057	9.695883	-12.10774	3.4028235E38	26.189459
35.31799	19.469929	-0.205719	19.577555	3.4028235E38	3.4028235E38	3.4028235E38	1.8739204	-37.43908	31.01762	9.251679	7.3610477	-27.307335	45.508163	-37.849052	19.919056	27.898401	-3.4028235E38	61.558678	7.1155014
23.919125	29.552235	-23.305187	38.209625	10.119274	23.644041	4.955125	3.4028235E38	-27.238243	3.4028235E38	7.9729815	15.62696	-10.696395	13.078329	-15.27862	10.924305	3.4028235E38	-3.4028235E38	6.332074	12.124184
-22.852438	-3.4028235E38	-21.551954	-9.661269	-10.873272	-17.47023	-41.342865	-4.6092663	22.91367	-26.27422	-3.4028235E38	-6.8474474	-3.4028235E38	-51.23425	-44.09983	-30.791298	-21.690813	-17.665766	-1.6242523	-3.4028235E38
31.654215	31.093388	-13.820345	7.266241	30.573256	3.4028235E38	38.41376	11.307401	-3.4028235E38	17.77376	3.4028235E38	24.772614	-13.445591	49.633472	-18.289604	13.496843	21.668259	-27.788412	15.671936	39.810684
-21.584904	-19.782122	20.026772	-16.079803	-38.91912	-43.447197	-6.36298	-42.271957	-38.086113	-37.1429	-3.3634186	-10.213873	40.6183	-29.030186	3.4028235E38	-8.018195	-3.9440098	31.46024	-32.446983	-3.4028235E38
-36.202957	-42.820103	13.941027	-57.57131	-25.929043	-16.064457	-30.327417	-3.6579323	-19.014904	-19.086287	-22.832777	-45.66131	15.221842	-18.275316	5.5390387	-4.3278904	-13.477333	16.92766	-29.483505	-31.22815
18.84458	3.4028235E38	-11.864889	30.270452	21.422436	17.840559	23.935213	2.3526745	-39.040863	38.656578	36.276268	3.4028235E38	-15.862175	15.959574	-40.152706	24.486431	28.744362	-3.4028235E38	20.942438	44.048737
30.432743	15.253324	-41.495907	37.099506	1.457901	29.565508	47.362255	12.975686	-17.52552	65.072014	24.858591	12.048435	-33.041985	37.14147	-21.095055	3.4028235E38	6.257736	-3.4028235E38	54.80443	1.3521729
