NaN	37.133186	25.22159	29.089636	-22.730965	4.4220524	-11.215866	-13.39868	3.4028235E38	28.283106	-18.58203	39.799934	20.25953	19.220942	-27.838194	9.999337	-41.077724	-27.677486	33.16387	34.37687
37.133186	NaN	24.250956	3.4028235E38	-6.658411	30.434818	-30.337585	-27.496658	39.986233	3.4028235E38	-4.070362	38.14582	7.2797565	27.22044	-9.002816	33.94153	-28.690163	-14.487017	21.461367	15.808264
25.22159	24.250956	NaN	1.0428886	-31.073364	4.804735	-9.930754	-38.204338	18.604046	13.013874	-3.4987793	19.75237	3.4028235E38	14.896483	-8.182651	26.32159	-23.127115	-3.4028235E38	3.4028235E38	20.305931
29.089636	-1.8400917	1.0428886	NaN	-29.397009	12.338261	-9.176188	-11.818572	16.072107	53.16219	-23.292286	28.390266	6.8667345	29.329144	-3.4028235E38	22.708687	-17.463997	-10.142872	28.572414	28.728104
-22.730965	-6.658411	-31.073364	-29.397009	NaN	-28.845163	11.134629	10.887348	-3.4028235E38	-3.4028235E38	-37.610573	-22.412329	-40.119957	-9.380546	-3.4028235E38	-37.030785	3.4028235E38	43.35092	-26.921906	-9.647832
4.4220524	30.434818	4.804735	12.338261	-28.845163	NaN	-3.4028235E38	-12.927633	18.539919	14.909367	-39.160637	3.4028235E38	12.556051	18.65833	-0.832489	20.472605	-4.886757	-3.4028235E38	21.390873	33.109436
-11.215866	-30.337585	-9.930754	-9.176188	11.134629	3.2659264	NaN	33.290436	-16.295181	-6.465848	-29.362991	-38.954826	-17.897047	-13.286852	-28.834621	-3.775919	35.547558	36.23831	-28.188667	-3.6786442
-13.39868	-27.496658	-38.204338	-11.818572	10.887348	-12.927633	33.290436	NaN	-23.054441	-24.953495	-7.3062706	-34.7013	-28.162086	-12.276043	-38.534355	-28.176208	3.4028235E38	12.545343	-50.332428	-18.246159
-4.565243	39.986233	18.604046	16.072107	0.9417248	18.539919	-16.295181	-23.054441	NaN	21.822168	-14.889915	3.4028235E38	11.752794	3.4028235E38	-26.162804	3.4028235E38	-11.0209255	-18.35377	3.4028235E38	44.281418
28.283106	-1.4294968	13.013874	53.16219	2.7033825	14.909367	-6.465848	-24.953495	21.822168	NaN	-3.4028235E38	14.906572	3.4028235E38	3.5704632	-7.893799	19.227053	-3.4028235E38	-29.196121	6.878257	28.617374
-18.58203	-4.070362	-3.4987793	-23.292286	-37.610573	-39.160637	-29.362991	-7.3062706	-14.889915	10.999624	NaN	-9.559631	-3.4028235E38	-12.705555	3.4028235E38	-14.246336	-10.077956	-22.335356	-5.4886255	-9.9178505
39.799934	38.14582	19.75237	28.390266	-22.412329	-3.6450577	-38.954826	-34.7013	-8.414793	14.906572	-9.559631	NaN	18.357449	3.4028235E38	-43.529373	3.4028235E38	-19.43747	-8.844692	3.4028235E38	19.318598
20.25953	7.2797565	-12.506851	6.8667345	-40.119957	12.556051	-17.897047	-28.162086	11.752794	-4.7388325	5.753639	18.357449	NaN	0.62690735	-21.066744	9.000603	-3.4028235E38	-24.99096	2.2547092	11.0165415
19.220942	27.22044	14.896483	29.329144	-9.380546	18.65833	-13.286852	-12.276043	-1.5197811	3.5704632	-12.705555	-3.1533985	0.62690735	NaN	-21.552366	7.55818	-12.146392	-22.74907	12.188396	22.501337
-27.838194	-9.002816	-8.182651	13.281105	0.13500023	-0.832489	-28.834621	-38.534355	-26.162804	-7.893799	-27.22136	-43.529373	-21.066744	-21.552366	NaN	-35.993355	-13.153469	-11.618304	-8.146816	-23.687698
9.999337	33.94153	26.32159	22.708687	-37.030785	20.472605	-3.775919	-28.176208	-0.9148483	19.227053	-14.246336	-0.4540825	9.000603	7.55818	-35.993355	NaN	-30.235611	-25.332445	28.02512	24.655022
-41.077724	-28.690163	-23.127115	-17.463997	-6.69685	-4.886757	35.547558	-9.165455	-11.0209255	6.5854683	-10.077956	-19.43747	4.0740414	-12.146392	-13.153469	-30.235611	NaN	2.6113358	-33.88133	-28.444885
-27.677486	-14.487017	13.052361	-10.142872	43.35092	2.7612782	36.23831	12.545343	-18.35377	-29.196121	-22.335356	-8.844692	-24.99096	-22.74907	-11.618304	-25.332445	2.6113358	NaN	-29.789198	-26.891842
33.16387	21.461367	-9.507395	28.572414	-26.921906	21.390873	-28.188667	-50.332428	-1.3739357	6.878257	-5.4886255	-16.181114	2.2547092	12.188396	-8.146816	28.02512	-33.88133	-29.789198	NaN	34.269405
34.37687	15.808264	20.305931	28.728104	-9.647832	33.109436	-3.6786442	-18.246159	44.281418	28.617374	-9.9178505	19.318598	11.0165415	22.501337	-23.687698	24.655022	-28.444885	-26.891842	34.269405	NaN
