NaN	17.136791	27.346426	11.8627205	4.776849	7.393197	33.3995	13.28841	11.683667	-31.368364	26.055977	2.3294678	35.3495	18.644608	-0.74526024	26.28526	13.392525	11.968922	13.859726	10.5935135
17.136791	NaN	38.75725	14.104953	23.964474	19.018461	4.6334887	-31.084301	20.325977	-18.228321	32.98545	0.76065063	22.665493	20.87648	0.31596565	10.772566	77.55525	21.531708	4.965212	-2.2991352
27.346426	38.75725	NaN	37.069862	-1.079359	-5.9189606	39.67163	-10.843378	21.1019	-6.352948	19.182318	25.105186	39.90701	7.946603	5.533123	31.696278	39.763077	12.012762	31.73822	9.528341
11.8627205	14.104953	37.069862	NaN	12.434458	17.64879	36.843636	-38.454887	7.7380886	-52.733303	13.4914	30.640501	-10.166809	35.13285	0.64232063	5.3669596	23.740084	16.013334	22.9721	7.927289
4.776849	23.964474	-1.079359	12.434458	NaN	15.673118	26.407074	-31.564838	24.18571	-12.812162	38.517548	31.086725	25.525276	12.882839	17.200583	-4.210247	23.422028	42.033413	11.7588	32.42816
7.393197	19.018461	-5.9189606	17.64879	15.673118	NaN	13.4725895	-28.355606	19.415827	-14.407505	6.337555	53.090458	3.4565372	24.988264	20.2416	50.160103	20.630318	-0.6275482	20.98057	27.687035
33.3995	4.6334887	39.67163	36.843636	26.407074	13.4725895	NaN	-28.252264	16.198391	-24.69812	11.356236	16.253363	-7.4811764	-11.424622	13.823532	15.98516	18.088852	10.706772	48.403976	-1.30517
13.28841	-31.084301	-10.843378	-38.454887	-31.564838	-28.355606	-28.252264	NaN	-12.351469	22.02301	-18.792236	-29.879515	-23.855265	-25.332235	-48.0643	-7.677824	-8.2790785	-29.31038	-15.195715	9.520565
11.683667	20.325977	21.1019	7.7380886	24.18571	19.415827	16.198391	-12.351469	NaN	-38.009323	21.89109	13.989347	11.73065	53.068787	23.254639	17.386826	28.975895	43.536728	34.96554	15.940256
-31.368364	-18.228321	-6.352948	-52.733303	-12.812162	-14.407505	-24.69812	22.02301	-38.009323	NaN	-10.964514	-41.743046	-2.710432	-13.177244	-41.070457	10.80953	-50.726677	2.9492493	-23.057924	8.870947
26.055977	32.98545	19.182318	13.4914	38.517548	6.337555	11.356236	-18.792236	21.89109	-10.964514	NaN	-5.0147667	33.30172	28.66106	23.564116	32.986774	24.33443	22.919367	16.0688	16.959875
2.3294678	0.76065063	25.105186	30.640501	31.086725	53.090458	16.253363	-29.879515	13.989347	-41.743046	-5.0147667	NaN	30.358711	26.970007	25.62399	2.0285969	33.391365	5.9673615	29.824978	29.612503
35.3495	22.665493	39.90701	-10.166809	25.525276	3.4565372	-7.4811764	-23.855265	11.73065	-2.710432	33.30172	30.358711	NaN	38.56102	59.78244	17.648941	23.174139	-12.298538	-5.877281	-4.141403
18.644608	20.87648	7.946603	35.13285	12.882839	24.988264	-11.424622	-25.332235	53.068787	-13.177244	28.66106	26.970007	38.56102	NaN	38.077175	24.55407	30.254322	43.38038	-1.0022469	-1.1553192
-0.74526024	0.31596565	5.533123	0.64232063	17.200583	20.2416	13.823532	-48.0643	23.254639	-41.070457	23.564116	25.62399	59.78244	38.077175	NaN	32.68242	15.26861	26.156425	21.502522	32.632355
26.28526	10.772566	31.696278	5.3669596	-4.210247	50.160103	15.98516	-7.677824	17.386826	10.80953	32.986774	2.0285969	17.648941	24.55407	32.68242	NaN	36.629723	3.9789143	33.029633	16.591805
13.392525	77.55525	39.763077	23.740084	23.422028	20.630318	18.088852	-8.2790785	28.975895	-50.726677	24.33443	33.391365	23.174139	30.254322	15.26861	36.629723	NaN	-9.126007	-7.6647053	11.1462965
11.968922	21.531708	12.012762	16.013334	42.033413	-0.6275482	10.706772	-29.31038	43.536728	2.9492493	22.919367	5.9673615	-12.298538	43.38038	26.156425	3.9789143	-9.126007	NaN	11.6519	5.919388
13.859726	4.965212	31.73822	22.9721	11.7588	20.98057	48.403976	-15.195715	34.96554	-23.057924	16.0688	29.824978	-5.877281	-1.0022469	21.502522	33.029633	-7.6647053	11.6519	NaN	14.080362
10.5935135	-2.2991352	9.528341	7.927289	32.42816	27.687035	-1.30517	9.520565	15.940256	8.870947	16.959875	29.612503	-4.141403	-1.1553192	32.632355	16.591805	11.1462965	5.919388	14.080362	NaN
