NaN	19.212845	-12.117141	41.248756	3.4028235E38	37.38056	3.4028235E38	49.246227	-17.846043	17.099615	12.874471	18.795784	-17.426823	7.790696	-22.823574	3.4028235E38	10.291497	-11.651748	2.3881016	8.124149
19.212845	NaN	-6.3188925	11.775399	17.914562	3.4028235E38	14.9508095	18.767868	-19.681786	21.81165	3.4028235E38	22.28312	-3.2379398	14.229737	-17.541145	13.718121	37.665615	-30.449924	42.324127	30.179657
-12.117141	-6.3188925	NaN	-17.550179	-24.114777	-34.149162	-26.213135	-12.048343	-3.4028235E38	-21.000051	-3.4028235E38	-30.27465	5.614628	-24.819103	29.450006	-23.928265	-25.887474	31.539158	-30.570038	-39.58316
41.248756	11.775399	-17.550179	NaN	26.329336	39.372856	13.593653	48.227165	-32.530586	5.3254395	36.09808	36.086197	-3.4867191	28.739677	-42.33583	26.040752	32.637325	-33.479282	21.097315	3.4028235E38
-3.4450111	17.914562	-24.114777	26.329336	NaN	22.99225	14.303757	5.943514	-27.968096	35.20836	0.52482986	29.355865	-0.06700897	25.600737	-30.048862	35.2471	5.029731	-8.065915	18.652893	45.9177
37.38056	-4.5787773	-34.149162	39.372856	22.99225	NaN	3.4028235E38	8.435228	-3.4028235E38	1.21698	51.699715	8.923425	-27.26846	45.95323	-38.395218	10.735418	11.391225	-3.4028235E38	20.706522	6.5236244
-7.002924	14.9508095	-26.213135	13.593653	14.303757	-5.3527565	NaN	19.681635	-15.204193	2.3252888	3.4028235E38	14.791502	-34.462933	6.4228497	-3.4028235E38	33.9421	25.929388	-15.05106	23.754034	8.518585
49.246227	18.767868	-12.048343	48.227165	5.943514	8.435228	19.681635	NaN	-5.020076	31.249554	53.650623	26.829065	-12.707468	31.947132	-3.4028235E38	23.182701	14.114157	-3.6720695	18.571587	33.605026
-17.846043	-19.681786	1.6174984	-32.530586	-27.968096	4.8285446	-15.204193	-5.020076	NaN	-31.131628	-28.908188	-3.4028235E38	-11.573505	-23.085651	-21.572098	-2.3465576	-6.0246534	-20.958538	-19.683357	-10.255176
17.099615	21.81165	-21.000051	5.3254395	35.20836	1.21698	2.3252888	31.249554	-31.131628	NaN	34.073723	3.4028235E38	-31.062159	23.740732	-7.9172955	31.21216	3.4028235E38	-14.939098	0.7368221	45.988503
12.874471	-1.3177357	2.8881683	36.09808	0.52482986	51.699715	-6.499565	53.650623	-28.908188	34.073723	NaN	26.03983	-3.4028235E38	3.4028235E38	-3.4028235E38	4.8222466	27.836502	-16.512867	35.977024	12.758488
18.795784	22.28312	-30.27465	36.086197	29.355865	8.923425	14.791502	26.829065	4.472618	-8.506653	26.03983	NaN	-41.160683	13.427082	-11.460184	27.110836	18.735489	-8.764526	21.91588	6.346876
-17.426823	-3.2379398	5.614628	-3.4867191	-0.06700897	-27.26846	-34.462933	-12.707468	-11.573505	-31.062159	0.8501282	-41.160683	NaN	-3.582613	19.206392	-3.4028235E38	-17.746483	5.3404922	-13.00908	-18.748259
7.790696	14.229737	-24.819103	28.739677	25.600737	45.95323	6.4228497	31.947132	-23.085651	23.740732	-23.735062	13.427082	-3.582613	NaN	-3.4028235E38	26.43339	12.381441	-16.646265	21.46706	9.13327
-22.823574	-17.541145	29.450006	-42.33583	-30.048862	-38.395218	16.462048	19.440845	-21.572098	-7.9172955	18.75185	-11.460184	19.206392	10.91626	NaN	-36.627098	-3.4028235E38	37.375263	-17.425823	-47.455948
-18.00964	13.718121	-23.928265	26.040752	35.2471	10.735418	33.9421	23.182701	-2.3465576	31.21216	4.8222466	27.110836	27.969772	26.43339	-36.627098	NaN	39.11618	-28.975712	26.629377	3.4028235E38
10.291497	37.665615	-25.887474	32.637325	5.029731	11.391225	25.929388	14.114157	-6.0246534	-4.6798687	27.836502	18.735489	-17.746483	12.381441	0.80719566	39.11618	NaN	-48.46145	26.860054	27.608585
-11.651748	-30.449924	31.539158	-33.479282	-8.065915	19.759819	-15.05106	-3.6720695	-20.958538	-14.939098	-16.512867	-8.764526	5.3404922	-16.646265	37.375263	-28.975712	-48.46145	NaN	-14.924047	-1.3210926
2.3881016	42.324127	-30.570038	21.097315	18.652893	20.706522	23.754034	18.571587	-19.683357	0.7368221	35.977024	21.91588	-13.00908	21.46706	-17.425823	26.629377	26.860054	-14.924047	NaN	7.9876537
8.124149	30.179657	-39.58316	-1.631443	45.9177	6.5236244	8.518585	33.605026	-10.255176	45.988503	12.758488	6.346876	-18.748259	9.13327	-47.455948	-1.4135094	27.608585	-1.3210926	7.9876537	NaN
