0_0	0	0	0	-1	1.5578898	4.5956903	0.19068444
0_1	0	1	1	-1	1.587388	3.6742306	-0.965559
0_2	0	2	2	-1	1.1686127	2.2538	-2.4750776
0_3	0	3	3	-1	2.4576936	5.0697403	0.07593328
0_4	0	4	4	-1	0.9345411	3.6294205	-1.3540288
0_5	0	5	5	-1	0.09102309	2.6614828	-0.97650397
0_6	0	6	6	-1	1.6994328	3.4611604	-0.8150112
0_7	0	7	7	-1	-17.831722	-339.62503	-111.32044
0_8	0	8	8	-1	2.7327876	4.5669875	0.26736158
0_9	0	9	9	-1	-26.459501	-322.11365	-93.765816
0_10	0	10	10	-1	2.718996	3.9456172	-0.09501928
0_11	0	11	11	-1	1.916126	3.9749799	-1.56918
0_12	0	12	12	-1	1.0418997	1.3205674	-0.18386894
0_13	0	13	13	-1	0.5105256	2.6509125	-1.7772758
0_14	0	14	14	-1	1.9397924	4.5111103	-0.25737077
0_15	0	15	15	-1	1.5913725	4.2951665	-1.7596798
0_16	0	16	16	-1	1.5708634	2.841575	0.830539
0_17	0	17	17	-1	1.8176343	3.5549922	-0.5366842
0_18	0	18	18	-1	1.1299058	3.676292	-0.26854753
0_19	0	19	19	-1	1.6301097	1.3618318	-0.826354
1_0	1	0	20	-1	2.3364394	4.266512	0.3699398
1_1	1	1	21	-1	19.314075	-272.14075	-69.54706
1_2	1	2	22	-1	0.9566923	3.4742014	-1.9047712
1_3	1	3	23	-1	24.653696	-16.366924	-418.99683
1_4	1	4	24	-1	255.07231	128.3851	420.94583
1_5	1	5	25	-1	3.1971626	3.8258522	0.21403247
1_6	1	6	26	-1	1.4003286	2.7844865	-1.1301564
1_7	1	7	27	-1	0.86178184	2.1193373	0.20566857
1_8	1	8	28	-1	2.166964	3.6256294	0.1934712
1_9	1	9	29	-1	2.7297316	2.751647	-1.1536226
1_10	1	10	30	-1	2.5841122	4.446024	-0.99216676
1_11	1	11	31	-1	0.26414144	2.7117648	-0.6570446
1_12	1	12	32	-1	1.646039	3.751721	-1.7840133
1_13	1	13	33	-1	1.937408	5.0412536	-0.72444975
1_14	1	14	34	-1	2.049527	2.4650083	-2.1232736
1_15	1	15	35	-1	1.2108784	1.9446151	-0.45640153
1_16	1	16	36	-1	1.7704396	2.2390103	-1.1800656
1_17	1	17	37	-1	1.8401554	3.329229	0.04174161
1_18	1	18	38	-1	1.5628978	4.046672	-0.69480294
1_19	1	19	39	-1	1.2094955	3.5834944	-1.2327895
