0_0	0	0	0	1	0.33092564	4.849975	0.93624955
0_1	0	1	1	1	0.299721	5.259763	-0.09910226
0_2	0	2	2	1	0.24926749	4.8177342	-0.1768198
0_3	0	3	3	1	0.10947988	5.7629886	0.469653
0_4	0	4	4	1	-0.16129972	5.588844	0.24249107
0_5	0	5	5	1	0.054741487	4.68755	0.43726254
0_6	0	6	6	1	0.0068659782	5.843729	0.34683862
0_7	0	7	7	7	-1.6396871	-432.876	-138.52332
0_8	0	8	8	1	-0.050313003	5.070205	0.6693227
0_9	0	9	9	7	-2.5992467	-421.49414	-127.64864
0_10	0	10	10	1	0.10731308	4.453011	0.9554268
0_11	0	11	11	1	0.48027933	5.8503933	0.31600004
0_12	0	12	12	1	0.21689793	3.6715608	-0.031120002
0_13	0	13	13	1	0.08246383	3.9104881	0.21555823
0_14	0	14	14	1	0.18250754	4.983863	0.8151891
0_15	0	15	15	1	-0.051188648	4.7303514	0.14529157
0_16	0	16	16	1	0.12951347	4.039893	1.1113665
0_17	0	17	17	1	0.110425495	4.983109	0.2673143
0_18	0	18	18	1	0.07633562	4.9190235	0.5513763
0_19	0	19	19	1	-0.026384644	3.1704075	0.47109556
1_0	1	0	20	1	0.36432037	5.033613	0.5398779
1_1	1	1	21	7	2.0016575	-372.4368	-105.28751
1_2	1	2	22	1	-0.0727593	3.8899548	-0.14754558
1_3	1	3	23	2	26.618233	-46.746407	-522.8203
1_4	1	4	24	0	307.85022	157.79219	510.77023
1_5	1	5	25	1	0.18207517	5.7370014	0.43964764
1_6	1	6	26	1	0.12552524	4.2663965	0.6760088
1_7	1	7	27	1	0.029208437	4.0148454	1.2445701
1_8	1	8	28	1	0.19126713	4.4136925	0.9814131
1_9	1	9	29	1	0.11634028	4.846145	0.57502073
1_10	1	10	30	1	0.20338146	4.0687423	1.3059912
1_11	1	11	31	1	0.11475683	4.6560745	0.25557452
1_12	1	12	32	1	0.12211646	4.6607685	0.22353351
1_13	1	13	33	1	0.06290746	4.825646	0.93448305
1_14	1	14	34	1	0.15455484	4.6433825	0.598809
1_15	1	15	35	1	-0.052866817	4.3726606	0.27474397
1_16	1	16	36	1	0.3466646	3.9110594	1.2399396
1_17	1	17	37	1	0.18560271	4.5649204	1.0746368
1_18	1	18	38	1	0.13080394	4.6352363	0.66318
1_19	1	19	39	1	-0.04517299	4.8321176	-0.042455018
