0_0	0	0	0	-1	24.990755	-109.65558	0.0
0_1	0	1	1	-1	-31.51061	-104.03221	28.866306
0_2	0	2	2	-1	4.760144	-98.408844	-54.2395
0_3	0	3	3	-1	38.67174	-92.78549	50.440388
0_4	0	4	4	-1	-69.988464	-87.162125	-12.379948
0_5	0	5	5	-1	65.3587	-81.538765	-41.575874
0_6	0	6	6	-1	-21.54197	-75.9154	80.13538
0_7	0	7	7	-1	-40.46527	-70.29204	-77.91325
0_8	0	8	8	-1	86.432106	-64.66868	31.564798
0_9	0	9	9	-1	-88.47938	-59.045307	36.52306
0_10	0	10	10	-1	41.947826	-53.421944	-89.64016
0_11	0	11	11	-1	30.468506	-47.79858	97.1383
0_12	0	12	12	-1	-90.20697	-42.175217	-52.27654
0_13	0	13	13	-1	103.88101	-36.551853	-22.838154
0_14	0	14	14	-1	-62.18916	-30.928495	88.45801
0_15	0	15	15	-1	-14.082816	-25.305132	-108.67478
0_16	0	16	16	-1	84.67099	-19.681768	71.360596
0_17	0	17	17	-1	-111.489845	-14.058404	4.6105976
0_18	0	18	18	-1	79.49548	-8.43504	-79.108795
0_19	0	19	19	-1	-5.193291	-2.8116827	112.3121
1_0	1	0	20	-1	-72.03635	2.8116815	-86.32348
1_1	1	1	21	-1	111.14893	8.435052	14.954855
1_2	1	2	22	-1	-91.595566	14.058411	63.72988
1_3	1	3	23	-1	24.303505	19.681768	-108.03171
1_4	1	4	24	-1	54.48318	25.305138	95.07953
1_5	1	5	25	-1	-103.01574	30.928495	-32.86439
1_6	1	6	26	-1	96.554184	36.551865	-44.610924
1_7	1	7	27	-1	-40.25036	42.175224	96.17714
1_8	1	8	28	-1	-34.456333	47.79858	-95.79635
1_9	1	9	29	-1	87.60698	53.42195	46.043404
1_10	1	10	30	-1	-92.55939	59.045307	24.39867
1_11	1	11	31	-1	49.7652	64.66868	-77.39684
1_12	1	12	32	-1	14.870582	70.29204	86.52618
1_13	1	13	33	-1	-65.606316	75.91539	-50.808933
1_14	1	14	34	-1	77.1972	81.538765	-6.3958282
1_15	1	15	35	-1	-48.2654	87.16212	52.173733
1_16	1	16	36	-1	0.30991447	92.78549	-63.55817
1_17	1	17	37	-1	36.582874	98.408844	40.32711
1_18	1	18	38	-1	-42.551517	104.0322	-3.943581
1_19	1	19	39	-1	19.906593	109.65558	-15.108453
